Actual mean: 9.4   Geometric p=0.8808  (same mean, fitted)

  count   actual  geom.sample  note
  ------------------------------------------
     2      477       118714
     3      571       104995
     4      532        92828
     5      349        81866
     6      370        71664
     7      241        63190
     8      210        55544  <-- smooth
     9      152        48992  <-- smooth
    10      147        43319
    11      125        38339
    12      105        33544  <-- smooth
    13       74        29477
    14       63        25781
    15       75        22665
    16       58        19958  <-- smooth
    17       46        17904
    18       50        15728  <-- smooth
    19       36        13734
    20       38        12127
    21       28        10591
    22       32         9535
    23       28         8351
    24       23         7364  <-- smooth
    25       25         6485
    26       17         5620
    27       19         4972  <-- smooth
    28       15         4358
    29       11         3850
    30       19         3304
    31       12         2954
    32       12         2693  <-- smooth
    33        7         2310
    34        9         2106
    35       10         1816
    36        7         1584  <-- smooth
    37        9         1414
    38       11         1210
    39       11         1078
    40        3          986
    41        9          804
    42        5          735
    43        4          691
    44        0          573
    45        2          507
    46        5          455
    47        1          400
    48        6          338  <-- smooth
    49        1          296
    50        6          270
    51        0          243
    52        1          200
    53        0          209
    54        3          147  <-- smooth
    55        2          156
    56        0          136
    57        2          112
    58        0           89
    59        4           90
    60        1           75
    61        1           75
    62        3           49
    63        1           60
    64        1           44  <-- smooth
    65        0           24
    66        0           36
    67        2           27
    68        1           22
    69        1           20
    70        1           20
    71        1           14
    72        3           12  <-- smooth
    73        1           15
    74        1           11
    75        2           11
    76        0           10
    77        1            8
    78        1            7
    79        1           11
    80        2            2
    81        0            4  <-- smooth
    82        2            5
    83        0            3
    84        1            5
    85        1            3
    86        0            4
    87        1            3
    88        0            3
    89        1            1
    90        0            1
    91        0            2
    92        0            2
    93        2            3
    96        1            2  <-- smooth
    98        0            1
   100        0            1
   104        0            1
   107        1            1
   116        0            1
   119        1            0
   126        2            0
